% filename: Ks - Thu Aug 04 12:23:07 2022

% type: matrix 
% rows: 18
% columns: 18
  1.933250984426e-001    0                 -9.654578775333e-002  4.218520014932e-005 -5.795888197679e-003 -5.174722663426e-003 -1.932220258413e-001  4.218520014932e-007  9.654663145733e-002 -1.054630003733e-005 -3.219073166004e-003 -2.109260007466e-005 -1.030726012670e-004 -4.218520014932e-007 -8.437040029863e-007  5.273150018665e-005 -2.576815031676e-003 -5.153630063351e-003
    0                  1.954717318897e-001 -9.762079188490e-002  5.795888197679e-003  4.218520014932e-005  5.132537463277e-003  4.218520014932e-007 -1.030726012670e-004  8.437040029863e-007  2.576815031676e-003  5.273150018665e-005  5.153630063351e-003 -4.218520014932e-007 -1.953686592884e-001  9.761994818090e-002  3.219073166004e-003 -1.054630003733e-005 -2.109260007466e-005
 -9.654578775333e-002 -9.762079188490e-002  9.734081567240e-002  6.417053731933e-003 -6.459238932082e-003 -8.437040029863e-005  9.654663145733e-002  8.437040029863e-007 -4.840207865531e-002 -2.109260007466e-005 -6.438146332007e-003 -4.218520014932e-005 -8.437040029863e-007  9.761994818090e-002 -4.893873701709e-002  6.438146332007e-003 -2.109260007466e-005 -4.218520014932e-005
  4.218520014932e-005  5.795888197679e-003  6.417053731933e-003  7.082710390591e-001    0                  1.253397302646e-001  1.054630003733e-005 -2.576815031676e-003  2.109260007466e-005 -4.291809314140e-002  8.788583364441e-004  1.288263395572e-001 -5.273150018665e-005 -3.219073166004e-003 -6.438146332007e-003  2.682560971670e-001 -8.788583364441e-004 -1.757716672888e-003
 -5.795888197679e-003  4.218520014932e-005 -6.459238932082e-003    0                  7.082710390591e-001  1.323705969562e-001  3.219073166004e-003 -5.273150018665e-005  6.438146332007e-003  8.788583364441e-004  2.682560971670e-001  1.757716672888e-003  2.576815031676e-003  1.054630003733e-005  2.109260007466e-005 -8.788583364441e-004 -4.291809314140e-002  1.288263395572e-001
 -5.174722663426e-003  5.132537463277e-003 -8.437040029863e-005  1.253397302646e-001  1.323705969562e-001  7.300831802815e-001  2.109260007466e-005 -5.153630063351e-003  4.218520014932e-005  1.288263395572e-001  1.757716672888e-003  1.503214161944e-001  5.153630063351e-003  2.109260007466e-005  4.218520014932e-005 -1.757716672888e-003  1.288263395572e-001  1.503214161944e-001
 -1.932220258413e-001  4.218520014932e-007  9.654663145733e-002  1.054630003733e-005  3.219073166004e-003  2.109260007466e-005  2.887069056909e-001 -9.543437292278e-002 -9.654630188546e-002  2.702489384566e-005  3.235551759812e-003 -2.525346340255e-003 -9.548487984959e-002  9.543395107078e-002 -3.295718761665e-007  1.647859380833e-005  1.647859380833e-005 -2.546438940329e-003
  4.218520014932e-007 -1.030726012670e-004  8.437040029863e-007 -2.576815031676e-003 -5.273150018665e-005 -5.153630063351e-003 -9.543437292278e-002  9.558795245085e-002 -5.141321268198e-007 -2.560336437867e-003 -3.625290637832e-005 -7.700069003681e-003  9.543395107078e-002 -9.548487984959e-002 -3.295718761665e-007  1.647859380833e-005  1.647859380833e-005 -2.546438940329e-003
  9.654663145733e-002  8.437040029863e-007 -4.840207865531e-002  2.109260007466e-005  6.438146332007e-003  4.218520014932e-005 -9.654630188546e-002 -5.141321268198e-007  4.846570117505e-002  3.202218587356e-003  9.619272319289e-003  9.228012532663e-006 -3.295718761665e-007 -3.295718761665e-007 -6.362251974563e-005  3.181125987282e-003  3.181125987282e-003 -3.295718761665e-005
 -1.054630003733e-005  2.576815031676e-003 -2.109260007466e-005 -4.291809314140e-002  8.788583364441e-004  1.288263395572e-001  2.702489384566e-005 -2.560336437867e-003  3.202218587356e-003  4.262603174151e-001  1.714063756205e-001  1.266580177693e-001 -1.647859380833e-005 -1.647859380833e-005 -3.181125987282e-003  6.361112603819e-002  1.484639397806e-001 -1.098572920555e-003
 -3.219073166004e-003  5.273150018665e-005 -6.438146332007e-003  8.788583364441e-004  2.682560971670e-001  1.757716672888e-003  3.235551759812e-003 -3.625290637832e-005  9.619272319289e-003  1.714063756205e-001  7.910136670239e-001  1.318287504666e-003 -1.647859380833e-005 -1.647859380833e-005 -3.181125987282e-003  1.484639397806e-001  6.361112603819e-002 -1.098572920555e-003
 -2.109260007466e-005  5.153630063351e-003 -4.218520014932e-005  1.288263395572e-001  1.757716672888e-003  1.503214161944e-001 -2.525346340255e-003 -7.700069003681e-003  9.228012532663e-006  1.266580177693e-001  1.318287504666e-003  7.045667821847e-001  2.546438940329e-003  2.546438940329e-003  3.295718761665e-005 -1.098572920555e-003 -1.098572920555e-003  1.697625960220e-001
 -1.030726012670e-004 -4.218520014932e-007 -8.437040029863e-007 -5.273150018665e-005  2.576815031676e-003  5.153630063351e-003 -9.548487984959e-002  9.543395107078e-002 -3.295718761665e-007 -1.647859380833e-005 -1.647859380833e-005  2.546438940329e-003  9.558795245085e-002 -9.543352921878e-002  1.173275879153e-006 -6.921009399497e-005  2.560336437867e-003  7.700069003681e-003
 -4.218520014932e-007 -1.953686592884e-001  9.761994818090e-002 -3.219073166004e-003  1.054630003733e-005  2.109260007466e-005  9.543395107078e-002 -9.548487984959e-002 -3.295718761665e-007 -1.647859380833e-005 -1.647859380833e-005  2.546438940329e-003 -9.543352921878e-002  2.908535391380e-001 -9.761961860902e-002 -3.235551759812e-003 -5.932293770998e-006  2.567531540404e-003
 -8.437040029863e-007  9.761994818090e-002 -4.893873701709e-002 -6.438146332007e-003  2.109260007466e-005  4.218520014932e-005 -3.295718761665e-007 -3.295718761665e-007 -6.362251974563e-005 -3.181125987282e-003 -3.181125987282e-003  3.295718761665e-005  1.173275879153e-006 -9.761961860902e-002  4.900235953683e-002 -9.619272319289e-003 -3.160033387207e-003  7.514238776597e-005
  5.273150018665e-005  3.219073166004e-003  6.438146332007e-003  2.682560971670e-001 -8.788583364441e-004 -1.757716672888e-003  1.647859380833e-005  1.647859380833e-005  3.181125987282e-003  6.361112603819e-002  1.484639397806e-001 -1.098572920555e-003 -6.921009399497e-005 -3.235551759812e-003 -9.619272319289e-003  7.910136670239e-001  1.678909422747e-001 -5.712579186887e-003
 -2.576815031676e-003 -1.054630003733e-005 -2.109260007466e-005 -8.788583364441e-004 -4.291809314140e-002  1.288263395572e-001  1.647859380833e-005  1.647859380833e-005  3.181125987282e-003  1.484639397806e-001  6.361112603819e-002 -1.098572920555e-003  2.560336437867e-003 -5.932293770998e-006 -3.160033387207e-003  1.678909422747e-001  4.262603174151e-001  1.266580177693e-001
 -5.153630063351e-003 -2.109260007466e-005 -4.218520014932e-005 -1.757716672888e-003  1.288263395572e-001  1.503214161944e-001 -2.546438940329e-003 -2.546438940329e-003 -3.295718761665e-005 -1.098572920555e-003 -1.098572920555e-003  1.697625960220e-001  7.700069003681e-003  2.567531540404e-003  7.514238776597e-005 -5.712579186887e-003  1.266580177693e-001  7.045667821847e-001
